-1.65325801205 -1.33017459481 0.906014843316 -1.72596023371 1.36257271002 -1.54663302897 2.67835079123 -1.16426950696 0.503256962726 2.19997471883 
2.11200086476 -2.07230817564 2.21496691793 1.14215556351 -3.46917514108 1.22284779322 -1.51586354581 1.36302035592 0.260660357947 -1.998786489 
-2.38345820902 3.03230219467 -1.46077745156 0.555312115133 1.92730270259 -0.845286760785 0.0768486118684 -0.545078087012 1.458166634 0.538275379923 
0.246068057483 0.666203767527 -0.193633224427 -1.28986002431 3.94474774107 0.409266278358 1.55075148455 -1.69094544305 -1.08886257434 0.551646741663 
-6.24666285198 6.60652058056 -0.485700458307 -0.511156113481 -1.20183858369 0.356585546456 0.443628643948 -0.496400840574 -1.29697786415 2.06231224113 
-1.00091848304 -0.541148407164 -0.918325820295 -0.714970894489 2.8539205604 -0.0757654779279 0.0849357250738 -0.560778452539 2.63848256832 -0.334739210472 
0.057914147033 2.68707596782 -1.27085783959 -0.384820437702 -1.43443913844 -0.637871259659 -1.41485657389 1.04471657679 -1.22224573172 -1.14534615432 
2.09283207252 -1.56909947815 -0.0088130848103 0.624063506337 -0.776337566519 0.68318407912 -1.37547522475 -0.572749520428 2.31776849465 -0.923116557735 
1.47811703386 -1.15151463244 1.61925471459 1.10515286063 -0.44712234744 0.412382037372 -0.613106854804 -0.643709323935 -0.611258139017 -0.710881609733 
0.993489123468 -1.60917934324 0.0123418479792 0.821263236331 -1.02122013963 0.745860945712 -0.521569474051 -0.696816404484 -0.661497080285 -0.880898211022 
